2 0.0676055 0.82801 0.0619739 0.0152085 0.0095497 0.00551917 0.00415577 0.00269397 0.00191833 0.00336531 
3 0.295521 0.694906 0.00253704 0.00649609 0.000311138 6.86688e-05 0.000159489 0 0 0 
4 0.297549 0.696717 0.00111736 0.00434802 0.000105762 6.09682e-05 7.08625e-05 2.79991e-07 2.07187e-05 1.03167e-05 
5 0.16881 0.456918 0.338794 0.0291389 0.00209827 0.00149298 0.000993735 0.000596694 0.000420462 0.000736637 
6 0.656144 0.326916 0.0142425 0.00221787 0.000156728 0.000251425 7.00672e-05 1.27996e-06 0 0 
7 0.202656 0.718689 0.0510116 0.0168078 0.00358684 0.00255219 0.00169875 0.00102002 0.000718763 0.00125925 
8 0.113731 0.485107 0.377145 0.0135352 0.00346966 0.00246878 0.00164324 0.000986691 0.000695274 0.0012181 
9 0.118438 0.876254 0.00359273 0.00148064 5.48133e-05 0.000111989 2.20942e-05 1.74491e-05 1.0848e-05 1.74369e-05 
10 0.0651549 0.909502 0.0237307 0.000800077 0.000277432 0.000222935 0.00020448 3.61148e-05 2.57147e-05 4.5111e-05 
11 0.11349 0.774499 0.0693153 0.0208966 0.00882862 0.00481182 0.00266176 0.00176372 0.00140171 0.00233084 
12 0.453095 0.542795 0.00199788 0.00195864 0.000113353 4.93806e-07 2.99298e-07 1.23029e-07 2.42791e-07 3.92276e-05 
13 0.0757557 0.818346 0.0751363 0.0148344 0.0120628 0.00142072 0.000805059 0.000533356 0.000456489 0.000648609 
14 0.183862 0.79124 0.0129394 0.011687 0.000129962 5.15221e-05 4.10086e-05 1.6857e-05 1.55249e-05 1.62092e-05 
15 0.0494518 0.826532 0.0950337 0.0198746 0.00206677 0.00439013 0.000863258 0.000681999 0.000423992 0.000681522 
16 0.0514351 0.927459 0.020451 0.00026564 0.000124368 0.000120922 4.65502e-05 4.43841e-05 2.3496e-05 2.92865e-05 
17 0.281929 0.708308 0.000977834 0.00834862 5.51894e-05 0.000333196 4.06387e-05 0 7.36999e-06 0 
18 0.164477 0.833219 0.00101467 0.00106811 0.000205707 4.74213e-07 1.45406e-05 2.25969e-07 1.39836e-07 2.35792e-07 
19 0.820184 0.173705 0.00581782 0.000212435 3.0942e-05 1.7726e-05 1.09773e-05 7.70943e-06 5.226e-06 8.11752e-06 
20 0.239121 0.759007 0.00137686 0.000414356 2.58182e-05 2.51023e-05 9.66343e-06 9.21375e-06 4.87757e-06 6.07963e-06 
21 0.485403 0.13559 0.378217 0.000354757 0.000139476 0.000135611 5.2205e-05 4.97757e-05 2.63503e-05 3.28442e-05 
22 0.349333 0.539349 0.051747 0.0582793 0.000221282 0.000122546 0.00080316 5.31709e-05 3.60345e-05 5.59723e-05 
23 0.700276 0.296809 0.000665924 0.00215644 3.51043e-05 1.48797e-05 4.25607e-05 0 0 0 
24 0.20469 0.787318 0.00455304 0.00302438 0.000132644 0.000128968 4.96479e-05 4.73375e-05 2.50595e-05 3.12354e-05 
25 0.593872 0.352297 0.0522554 0.000311694 0.00124835 5.32109e-06 3.68784e-06 2.3556e-06 1.45848e-06 2.45931e-06 
26 0.424903 0.57404 0.000509881 0.000500123 1.21497e-06 2.22522e-05 2.3226e-05 0 0 0 
27 0.283971 0.573519 0.0904502 0.0247201 0.0216351 0.000936724 0.00402917 0.000274552 0.000182027 0.000282742 
28 0.0944057 0.901442 0.00345578 0.000649633 1.84263e-05 9.45665e-06 7.15028e-06 4.56723e-06 2.82783e-06 4.7683e-06 
29 0.103691 0.881634 0.0131724 0.000713344 7.84894e-05 0.000620902 2.94976e-05 2.79276e-05 1.47843e-05 1.84278e-05 
30 0.429733 0.567586 0.000694362 0.00190683 6.29702e-05 1.57664e-07 1.25491e-07 3.5066e-07 1.62006e-05 0 
31 0.100219 0.891325 0.00743979 0.0007555 8.31162e-05 8.08009e-05 3.11053e-05 2.96578e-05 1.57002e-05 1.95695e-05 
32 0.247848 0.748505 0.000762214 0.00279024 6.73747e-05 2.40247e-05 1.24275e-06 1.18486e-06 6.2724e-07 7.81821e-07 
33 0.206665 0.648468 0.0590532 0.0457827 0.0107659 0.0038229 0.0212165 0.00143776 0.00101311 0.00177495 
34 0.133635 0.684098 0.0747402 0.0450839 0.0205463 0.0186136 0.00361106 0.00323776 0.0135836 0.00285081 
35 0.148987 0.689628 0.0847018 0.037234 0.00804323 0.00572552 0.0189584 0.00228733 0.00161177 0.00282378 
36 0.227292 0.742499 0.0244988 0.0039634 0.00062736 0.000411178 0.000233317 0.000154574 0.000132297 0.000187976 
37 0.0271716 0.972201 0.000129644 0.000142662 0.000221005 2.00682e-07 6.11105e-05 3.14358e-05 0 4.10824e-05 
38 0.168549 0.679591 0.130763 0.0188238 0.000759318 0.000541331 0.000316681 0.000250188 0.000155539 0.000250013 
39 0.47512 0.497355 0.0263257 0.000673899 0.000363735 6.43681e-07 0.000159847 1.67745e-07 1.53492e-07 1.60257e-07 
40 0.767875 0.227796 0.00404008 2.4797e-05 0.00016374 8.72082e-05 4.10821e-06 3.91703e-06 2.07359e-06 2.58462e-06 
41 0.537732 0.461305 0.000299665 0.000633813 1.277e-05 7.68581e-06 2.95875e-06 2.82106e-06 1.49341e-06 1.86146e-06 
42 0.34003 0.593999 0.0607839 0.00066853 0.00270386 0.00149266 0.000114859 9.45004e-05 5.00266e-05 6.23554e-05 
43 0.146763 0.706334 0.0858378 0.0222036 0.00792316 0.00563767 0.00380054 0.0161795 0.00253869 0.00278163 
44 0.834097 0.146843 0.0168763 0.000264161 0.00121164 0.000429535 4.24736e-07 3.95541e-06 0.000273997 1.72441e-07 
45 0.0580722 0.722235 0.179295 0.0125899 0.00714993 0.0118516 0.00301632 0.0019553 0.00139234 0.00244256 
46 0.304138 0.658681 0.0149564 0.00431038 0.000997356 0.0158814 0.000383365 0.000244874 0.000151615 0.000255655 
47 0.170505 0.633991 0.151321 0.0216096 0.0147652 0.00125701 0.000713254 0.000472535 0.000405885 0.00495916 
48 0.101145 0.658143 0.113344 0.0272103 0.0410664 0.0374105 0.00802645 0.00395396 0.00302067 0.00667983 
49 0.315912 0.536311 0.137338 0.00844655 0.0017333 9.22243e-05 5.71111e-05 4.01096e-05 2.71891e-05 4.22328e-05 
50 0.414268 0.581752 0.00289233 0.00077135 0.000113417 7.43234e-05 4.21737e-05 2.79403e-05 2.39136e-05 3.39779e-05 
51 0.230901 0.746121 0.0210054 0.000601421 0.000888845 0.000177239 0.00010057 6.66283e-05 5.70259e-05 8.1026e-05 
52 0.0819645 0.908224 0.0080454 0.00123864 0.000214929 0.000115975 6.41535e-05 4.2509e-05 3.37838e-05 5.61776e-05 
53 0.262471 0.627266 0.0720041 0.0263954 0.00395703 0.00282762 0.00165417 0.00130685 0.000812454 0.00130593 
54 0.131107 0.820478 0.0318668 0.00778362 0.00182255 0.00499113 0.000642779 0.000425842 0.00036447 0.000517862 
55 0.10727 0.852908 0.0318952 0.00381496 0.00136116 0.000968522 0.000644654 0.000387086 0.000272761 0.00047787 
56 0.0583116 0.844771 0.0721082 0.00917769 0.00439317 0.0023944 0.00132451 0.000877642 0.000705407 0.00593662 
57 0.244622 0.707966 0.0255217 0.0110479 0.00893216 0.000681331 0.00042105 0.000295707 0.000200451 0.00031136 
58 0.596386 0.365993 0.0366179 0.00011457 0.000414421 5.11829e-05 1.95129e-05 1.87992e-05 0.000372891 1.228e-05 
59 0.119171 0.760473 0.056586 0.029818 0.00769864 0.00550157 0.00321956 0.0134111 0.00158081 0.00254089 
60 0.176794 0.722654 0.0819277 0.00501168 0.00382572 0.00208512 0.00115343 0.00076428 0.000607406 0.00517669 
61 0.0808629 0.913434 0.00484442 0.000381452 0.000171478 0.000112388 6.37732e-05 4.22501e-05 3.6161e-05 5.13799e-05 
62 0.291035 0.707685 0.000587041 0.000611831 3.8872e-05 4.55708e-06 1.75366e-06 1.67206e-06 1.18119e-06 3.34524e-05 
63 0.242291 0.744154 0.00930776 0.00292305 0.000438387 0.000311911 0.000207609 0.00012466 8.78422e-05 0.000153897 
64 0.310913 0.589486 0.0972497 0.00174313 0.000223487 0.000141527 8.03072e-05 5.3204e-05 4.55362e-05 6.47008e-05 
65 0.105181 0.840814 0.0391914 0.0144321 0.000126541 0.00011648 4.48405e-05 4.27539e-05 2.26331e-05 2.82109e-05 
66 0.329973 0.617815 0.051844 0.000232457 5.31569e-05 2.73044e-05 2.06452e-05 1.31871e-05 8.16486e-06 1.37676e-05 
67 0.154136 0.806765 0.0348991 0.00073334 0.000350823 0.00271349 0.000133733 0.000122534 6.4867e-05 8.08532e-05 
68 0.119474 0.864936 0.00920617 0.00447519 0.00118298 0.00026679 0.000150995 0.000100035 8.56182e-05 0.000121652 
69 0.0706073 0.393923 0.193962 0.311302 0.0116051 0.00429061 0.00813296 0.00224925 0.00119435 0.00273289 
70 0.153547 0.539736 0.259072 0.0191617 0.011592 0.0035638 0.0090393 0.00163586 0.00101699 0.0016347 
71 0.553367 0.444112 0.00107393 0.00104879 0.000182247 0.000156183 1.96879e-05 1.30433e-05 1.11635e-05 1.58619e-05 
72 0.185096 0.664334 0.0882517 0.0374315 0.00894107 0.00291381 0.009618 0.00116129 0.000818284 0.00143361 
73 0.111716 0.806921 0.0508345 0.0148787 0.00995549 0.00209191 0.00118702 0.000786409 0.000673072 0.000956343 
74 0.737195 0.253029 0.00140766 0.0081131 0.000252157 1.80227e-06 4.69695e-07 1.63936e-07 1.60222e-07 2.41692e-07 
75 0.146814 0.722108 0.0638894 0.0330896 0.0188097 0.0101395 0.00186255 0.00111825 0.000787977 0.00138051 
76 0.144661 0.78929 0.0615694 0.00363742 0.000279118 0.000198384 0.000132045 7.92875e-05 5.58701e-05 9.78828e-05 
77 0.0730858 0.917776 0.00405951 0.0041711 0.000325848 0.000213555 0.000121179 8.02817e-05 6.87115e-05 9.76297e-05 
78 0.289281 0.708153 0.00203763 0.000507201 8.65849e-06 3.84509e-06 2.90731e-06 1.85704e-06 1.1498e-06 1.9388e-06 
79 0.0767753 0.885506 0.031323 0.00308894 0.00109454 0.000778812 0.000518382 0.000311265 0.000219334 0.000384267 
80 0.537945 0.440266 0.0188408 0.0012608 0.000683176 0.000372343 0.00020597 0.000136478 0.000108465 0.000180362 
81 0.105901 0.733227 0.153187 0.00432993 0.00152167 0.000563521 0.000443439 0.00030064 0.000159664 0.00036534 
82 0.232392 0.756791 0.00900652 0.00154783 0.000102969 5.71994e-05 3.54221e-05 2.48772e-05 1.68635e-05 2.61941e-05 
83 0.201093 0.696679 0.0443682 0.0377077 0.00482047 0.00946628 0.00191031 0.0015092 0.000938254 0.00150814 
84 0.137331 0.742282 0.0822845 0.00885237 0.0039941 0.0207664 0.00148022 0.000979436 0.00083828 0.00119108 
85 0.127827 0.859839 0.00905234 0.00157926 0.000563537 0.000400981 0.000266895 0.000160259 0.000112927 0.000197844 
86 0.0617143 0.918636 0.0123228 0.00720946 4.51703e-05 2.56237e-05 1.58681e-05 1.11443e-05 7.55438e-06 1.17342e-05 
87 0.330133 0.345042 0.221849 0.0782019 0.0104911 0.00965169 0.00329218 0.000436186 0.000373323 0.000530441 
88 0.363881 0.590329 0.0236711 0.0171583 0.00400292 0.000437984 0.000168398 0.000160562 8.49982e-05 0.000105946 
89 0.531829 0.454048 0.0114321 0.00112054 0.00140276 8.18648e-05 2.7877e-05 2.65798e-05 1.40708e-05 1.75385e-05 
90 0.566748 0.431628 0.000442364 0.00109237 1.61716e-05 3.58253e-05 9.52684e-07 5.5336e-07 6.30895e-07 3.50424e-05 
91 0.139079 0.85791 0.00133051 0.000870094 0.000805429 3.24042e-06 8.39797e-07 2.93112e-07 2.86471e-07 4.32137e-07 
92 0.120432 0.849488 0.025961 0.00215989 0.00162498 0.00011911 7.37584e-05 5.18011e-05 3.51145e-05 5.45431e-05 
93 0.290785 0.63647 0.0314476 0.0141258 0.023778 0.00155061 0.000596878 0.000569102 0.000301271 0.000375518 
94 0.210424 0.686505 0.0566705 0.0187226 0.0111501 0.0103839 0.00200067 0.00158058 0.000982631 0.00157947 
95 0.172414 0.822923 0.00285861 0.00126858 0.000530857 3.19269e-06 8.33114e-07 2.90779e-07 2.84191e-07 4.28698e-07 
96 0.024287 0.965551 0.00897016 0.000544609 0.000247676 0.000142199 8.80604e-05 6.18456e-05 4.19233e-05 6.51192e-05 
97 0.00741352 0.931272 0.00836219 0.0015882 0.030722 0.0202467 4.76876e-05 0.000294738 1.99159e-05 3.27528e-05 
98 0.335495 0.653817 0.00892109 0.00114136 0.000438978 6.66291e-05 4.12369e-05 2.8961e-05 1.96318e-05 3.0494e-05 
99 0.19007 0.806751 0.00258108 0.000273899 0.000123996 7.11902e-05 4.40862e-05 3.09621e-05 2.09883e-05 3.26011e-05 
100 0.721955 0.273602 0.00353504 0.000783669 8.04956e-05 4.25883e-05 3.19998e-07 1.31534e-07 1.2114e-07 1.26479e-07 
101 0.184316 0.792015 0.0206644 0.00138085 0.00105919 0.000201127 0.00012455 8.74726e-05 5.92951e-05 9.21028e-05 
102 0.38843 0.602762 0.00331638 0.00487211 0.000259026 0.000210124 7.84407e-06 0.000134395 3.4865e-06 4.34572e-06 
103 0.150811 0.761522 0.0833637 0.0019677 0.000894512 0.000513571 0.000318041 0.000223363 0.000151411 0.000235186 
104 0.131998 0.774436 0.0489227 0.0218428 0.014732 0.00252582 0.00189858 0.00123075 0.000876395 0.00153745 
105 0.53407 0.456998 0.00765883 0.00116499 4.40741e-05 2.28455e-05 1.41476e-05 9.936e-06 6.73533e-06 1.0462e-05 
106 0.59859 0.395053 0.00429384 0.0018807 0.000138573 1.99879e-05 7.65446e-06 7.29827e-06 3.86355e-06 4.81571e-06 
107 0.295449 0.62682 0.019745 0.0281404 0.0138804 0.0139422 0.000655112 0.000624625 0.000330664 0.000412154 
108 0.089483 0.757598 0.0673819 0.0347809 0.0127555 0.0219316 0.0055106 0.00356555 0.00253897 0.00445409 
109 0.126165 0.703797 0.0874466 0.0373068 0.0253499 0.00712882 0.00417038 0.00329473 0.0020483 0.00329242 
110 0.20525 0.782535 0.00838216 0.0024153 0.000553107 0.000284107 0.000214817 0.000137214 8.49568e-05 0.000143255 
111 0.167155 0.775989 0.0357229 0.0136443 0.00286774 0.00164645 0.0010196 0.000716075 0.000485406 0.000753979 
112 0.380827 0.612998 0.00437111 0.00156422 5.07664e-05 0.000174857 5.13115e-06 3.27304e-06 2.02653e-06 3.41714e-06 
113 0.0739967 0.673545 0.143494 0.0362936 0.019232 0.0120786 0.00953082 0.0205461 0.00343164 0.00785223 
114 0.451326 0.546334 0.00189654 0.000351079 2.94961e-05 2.86773e-05 1.10397e-05 1.05259e-05 5.57222e-06 6.94547e-06 
115 0.112126 0.65692 0.198452 0.0273095 0.00183871 0.00119939 0.000701652 0.000554326 0.000344619 0.000553938 
116 0.457699 0.48417 0.0563492 8.18404e-05 0.001682 5.90514e-06 4.2451e-06 2.71155e-06 1.67887e-06 2.83093e-06 
117 0.0869842 0.910567 0.0022148 0.000138078 2.21021e-06 8.7604e-07 6.97371e-07 9.17013e-05 2.64116e-07 2.75608e-07 
118 0.262304 0.663862 0.0521862 0.00989495 0.00450009 0.00258366 0.00159999 0.00112369 0.000761714 0.00118317 
119 0.0996864 0.716366 0.100483 0.0298194 0.0171097 0.0118534 0.00913608 0.00450144 0.00343892 0.00760472 
120 0.248265 0.730416 0.0198505 0.000857699 0.000587135 7.94322e-06 6.00452e-06 3.83538e-06 2.3747e-06 4.00423e-06 
121 0.418798 0.558432 0.0182521 0.00392437 3.90954e-05 1.65944e-05 1.25472e-05 8.0145e-06 5.04003e-06 0.000511814 
122 0.100303 0.761233 0.078409 0.0391272 0.0118356 0.00320107 0.00213064 0.00127935 0.0009015 0.0015794 
123 0.411749 0.571282 0.0166371 0.00016219 5.41385e-05 5.26381e-05 2.02637e-05 1.93207e-05 1.0228e-05 1.27486e-05 
124 0.0592527 0.882697 0.0519867 0.00413371 0.000692988 0.000454186 0.000257721 0.000170742 0.000146134 0.000207637 
125 0.15434 0.828015 0.0125793 0.00333808 9.51951e-05 4.88968e-05 3.69714e-05 2.36154e-05 1.46469e-05 0.00150831 
126 0.847231 0.147925 0.00261586 0.000320315 0.00110755 0.000758267 3.61651e-07 1.31438e-07 4.18536e-05 1.25885e-07 
127 0.189355 0.766825 0.0324974 0.00297144 0.00473113 0.00117452 0.000905252 0.000446026 0.000340746 0.000753517 
128 0.234635 0.649632 0.0760292 0.0059526 0.0206498 0.0100713 0.00123274 0.000658015 0.000446049 0.000692846 
129 0.11051 0.807641 0.0667369 0.00707844 0.00158453 0.00465906 0.000591494 0.000390355 0.000334097 0.000474707 
130 0.163328 0.686585 0.10757 0.0262812 0.00583351 0.00382122 0.00216829 0.00143651 0.00122948 0.00174692 
131 0.17113 0.703543 0.0935116 0.0146943 0.00601038 0.00347361 0.00261552 0.00169551 0.00120734 0.00211803 
132 0.687481 0.306859 0.00112986 0.0045001 1.42648e-05 5.59108e-06 4.45018e-06 1.82929e-06 1.68473e-06 1.75899e-06 
133 0.132271 0.778053 0.0590151 0.0234474 0.00452787 0.00102385 0.000547548 0.000362754 0.000310474 0.000441141 
134 0.386134 0.610277 0.000711872 0.00266606 2.55256e-06 9.87036e-07 8.10313e-07 0.000206289 3.01919e-07 3.10528e-07 
135 0.21846 0.779713 0.00157757 0.000158193 3.58438e-05 1.84114e-05 1.39211e-05 8.89207e-06 5.50558e-06 9.28355e-06 
136 0.209066 0.78646 0.00412858 0.000166019 6.8841e-05 3.9524e-05 2.44762e-05 1.71898e-05 1.16525e-05 1.80997e-05 
137 0.107589 0.75902 0.0803837 0.0384279 0.0048262 0.00343385 0.00228559 0.0013724 0.000967063 0.00169427 
138 0.111264 0.805094 0.0549591 0.0134984 0.0098404 0.00196296 0.00111385 0.000737932 0.000631581 0.000897391 
139 0.205703 0.648398 0.0560648 0.0540819 0.00486152 0.0254 0.00181289 0.00119709 0.00102456 0.00145577 
140 0.316188 0.675039 0.00411379 0.00444555 8.63712e-05 4.16643e-05 3.15028e-05 2.01224e-05 1.24589e-05 2.10083e-05 
141 0.727532 0.26927 0.00298204 3.06719e-05 0.000179826 1.72759e-06 1.34005e-06 5.50841e-07 5.07313e-07 5.29673e-07 
142 0.121517 0.492404 0.299059 0.0653098 0.012009 0.00735781 0.000802679 0.000520295 0.000370493 0.000649953 
143 0.648029 0.324498 0.0194309 0.00329877 0.00371257 0.000921958 4.06286e-05 2.53049e-05 1.56677e-05 2.6419e-05 
144 0.282828 0.589723 0.0725811 0.0264009 0.0213643 0.00285366 0.00138363 0.00109311 0.000679576 0.00109235 
145 0.367529 0.619504 0.0123961 5.2265e-05 0.000502893 5.42802e-06 4.10387e-06 2.62134e-06 1.62302e-06 2.73675e-06 
146 0.290896 0.672894 0.0292675 0.00131316 0.00443213 0.000547236 0.000210663 0.00020086 0.000106331 0.000132536 
147 0.122188 0.788904 0.0649075 0.0135907 0.00347193 0.0024811 0.00145146 0.00114669 0.000712889 0.00114589 
148 0.058158 0.7941 0.0866432 0.0173416 0.0126852 0.00986538 0.00691773 0.00382231 0.00312071 0.00734593 
149 0.12033 0.842699 0.0287461 0.00417736 0.0012006 0.000607376 0.00154686 0.000222347 0.0001767 0.000293827 
150 0.225019 0.762461 0.00995705 0.00101832 0.000434315 0.000236609 0.000130886 9.29957e-05 0.000535016 0.000115066 
151 0.0260336 0.95652 0.00877737 0.0052248 0.0014681 0.00028366 0.000289142 0.000275628 3.0257e-07 0.00112753 
152 0.151744 0.796572 0.0147144 0.025929 0.0106183 0.000157541 9.81052e-05 6.26646e-05 3.87992e-05 6.54234e-05 
153 0.168819 0.773691 0.0435577 0.00636966 0.00289609 0.00166275 0.0010297 0.000723165 0.000490212 0.000761445 
154 0.252067 0.742437 0.00455497 0.000381709 0.000178731 0.000173778 6.68979e-05 6.37848e-05 3.37664e-05 4.2088e-05 
155 0.368139 0.629414 0.000351653 0.00208949 3.41184e-06 1.11096e-06 8.84259e-07 3.63483e-07 3.3476e-07 3.49514e-07 
156 0.0685557 0.912772 0.0133189 0.00277299 0.000906008 0.00052342 0.000394119 0.000255487 0.000181928 0.000319154 
157 0.265116 0.722858 0.0086112 0.000596879 0.00222463 0.000271491 0.000104512 9.96483e-05 5.27518e-05 6.57522e-05 
158 0.162753 0.72905 0.0848107 0.00752737 0.0044589 0.00727317 0.00135252 0.000890423 0.000707657 0.00117673 
159 0.217727 0.690436 0.0573402 0.0164168 0.00748572 0.00222123 0.00564379 0.00106554 0.000637848 0.00102527 
160 0.256708 0.734425 0.00741108 0.00125812 0.000192302 1.78307e-06 1.38835e-06 5.70694e-07 5.25597e-07 5.48762e-07 
161 0.170479 0.477109 0.299736 0.0317607 0.00286204 0.0018881 0.0140159 0.000699616 0.000598772 0.000850773 
162 0.638707 0.351773 0.0060658 0.00192907 0.000253078 0.000145275 9.44351e-05 0.000923738 4.28556e-05 6.65275e-05 
163 0.351211 0.647536 0.000297344 0.000941897 5.392e-06 2.75579e-06 2.08368e-06 1.33095e-06 8.24066e-07 1.38955e-06 
164 0.236474 0.757777 0.00478649 0.000192307 0.000602517 7.70087e-05 2.94189e-05 2.805e-05 1.48491e-05 1.85086e-05 
165 0.176535 0.710539 0.0742386 0.00610814 0.0159892 0.0135046 0.00101639 0.000673363 0.000576318 0.000818869 
166 0.602139 0.393779 0.00265505 0.00098804 7.30365e-05 4.22859e-05 0.000272809 1.92272e-05 1.23071e-05 1.91165e-05 
167 0.201485 0.769861 0.023493 0.000584602 0.00214336 0.00212206 0.000100608 9.59162e-05 5.07761e-05 6.32896e-05 
168 0.286507 0.649482 0.0150643 0.0172524 0.0012558 0.00047763 0.000722448 0.0288541 0.000143592 0.000240834 
169 0.204475 0.773059 0.0107423 0.00529112 0.00395792 0.000804727 0.000571895 0.00037073 0.000263991 0.000463116 
170 0.0401927 0.54069 0.147171 0.0658712 0.0363366 0.0388589 0.0279841 0.0194201 0.0257253 0.0577498 
171 0.224729 0.771604 0.00339102 0.000264552 5.52234e-06 2.15981e-06 1.71909e-06 7.06647e-07 6.50807e-07 6.79491e-07 
172 0.196683 0.777595 0.0219231 0.00180023 0.00080221 0.000452186 0.000115438 9.1199e-05 5.6701e-05 0.000480995 
173 0.16036 0.583723 0.240324 0.00795646 0.00252787 0.00179869 0.00119721 0.000718875 0.000506557 0.000887473 
174 0.341173 0.64012 0.0150524 0.00147444 0.000882864 0.000481181 0.000266176 0.000176372 0.000140171 0.000233084 
175 0.570124 0.406433 0.0211135 0.00194305 0.000125845 0.000119064 4.58353e-05 4.37024e-05 2.31352e-05 2.88367e-05 
176 0.908295 0.0909436 0.000200978 0.000167033 0.000102209 5.00633e-05 0.000238173 8.95226e-07 8.18257e-07 8.54322e-07 
177 0.0564729 0.814184 0.0939442 0.0192986 0.00880446 0.002609 0.00152627 0.0012058 0.000749636 0.00120496 
178 0.284956 0.712352 0.00121102 0.00134365 2.57607e-05 5.20293e-05 4.94051e-05 3.60745e-06 2.445e-06 3.79781e-06 
179 0.295052 0.626833 0.0612974 0.0125483 0.00278271 0.000529791 0.000328074 0.000230409 0.000156187 0.000242605 
180 0.189442 0.712842 0.0598597 0.0182762 0.0143423 0.00186611 0.00115555 0.000811552 0.000550127 0.00085451 
181 0.0609325 0.935529 0.00298788 0.000167932 7.54691e-05 4.94633e-05 2.80672e-05 1.85947e-05 1.59157e-05 0.000195204 
182 0.116222 0.677469 0.126692 0.0323143 0.00958855 0.00664498 0.0223577 0.00252238 0.00192698 0.00426127 
183 0.101788 0.767452 0.0486587 0.0254744 0.0250022 0.00468743 0.00377617 0.0194164 0.00158018 0.00216446 
184 0.0598619 0.925133 0.00983619 0.00254501 0.000921193 0.000532396 0.000400878 0.000259869 0.000185048 0.000324628 
185 0.486802 0.49399 0.0152764 0.0026913 0.000474855 0.000272626 0.00016883 0.000118571 8.03757e-05 0.000124847 
186 0.229165 0.753028 0.0163416 0.000652935 0.000291902 0.000191316 0.000108559 7.19212e-05 6.15559e-05 8.74626e-05 
187 0.209455 0.737641 0.0337553 0.00865447 0.00569628 0.0017164 0.00100372 0.000792969 0.000492981 0.000792413 
188 0.059688 0.921347 0.0168866 0.00116167 0.000305818 0.000218542 0.000127848 0.000101004 6.27933e-05 0.000100933 
189 0.0518555 0.90932 0.0265139 0.00326202 0.00531003 0.00138799 0.000766823 0.000508108 0.000403816 0.000671488 
190 0.0868217 0.911896 0.000533414 0.000663253 3.61765e-05 3.11781e-05 8.13693e-06 2.84001e-06 2.77566e-06 4.18705e-06 
191 0.412794 0.566337 0.019973 0.000363527 0.000170049 0.000165336 6.36481e-05 6.06863e-05 3.21261e-05 4.00434e-05 
192 0.148461 0.771537 0.0646888 0.0105975 0.0018056 0.00103665 0.000641971 0.000450862 0.000305626 0.000474728 
193 0.150228 0.672048 0.115102 0.0187746 0.0270254 0.00389813 0.00892638 0.00128275 0.00101942 0.00169515 
194 0.269184 0.66242 0.0449566 0.00816053 0.00981903 0.00170718 0.00128529 0.000833188 0.000593299 0.00104082 
195 0.251012 0.623354 0.096379 0.0228671 0.000637771 0.000637542 0.00461912 0.000225636 0.000119447 0.000148884 
196 0.295234 0.651577 0.0465638 0.000752681 0.000344175 0.000358108 0.0049015 0.00012284 6.50226e-05 8.10471e-05 
197 0.315856 0.68039 0.00245976 0.000586988 0.000614192 3.348e-05 2.03402e-05 1.42851e-05 9.68345e-06 1.50413e-05 
198 0.173024 0.738455 0.0645512 0.0115481 0.00206269 0.00822213 0.000732393 0.000514364 0.000348672 0.000541591 
199 0.126033 0.836015 0.027089 0.00371139 0.00289644 0.00157864 0.000873259 0.000578634 0.000459866 0.000764691 
200 0.0962866 0.752377 0.113514 0.0235054 0.00323192 0.00736746 0.0013445 0.000807292 0.000568861 0.000996627 
201 0.105375 0.716911 0.112466 0.0443474 0.00729153 0.00486677 0.00284709 0.00224929 0.00139836 0.00224771 
202 0.204786 0.77283 0.0197336 0.00107548 0.000503583 0.000489627 0.000188488 0.000179717 9.51383e-05 0.000118585 
203 0.329061 0.648524 0.0201889 0.00109612 0.000863401 0.000121873 4.69162e-05 4.4733e-05 2.36807e-05 2.95167e-05 
204 0.126094 0.175009 0.676755 0.00906861 0.0110368 0.000741598 0.000468184 0.000281124 0.000198095 0.000347056 
205 0.125846 0.858386 0.0122577 0.00171931 0.000725255 0.000395283 0.00021866 0.000144887 0.000115148 0.000191475 
206 0.143612 0.729511 0.0687417 0.0401276 0.00601284 0.00428936 0.0025093 0.00198242 0.00123245 0.00198103 
207 0.0421849 0.930782 0.0207014 0.00216434 0.00168782 0.000919906 0.000508866 0.000337182 0.000267973 0.000445601 
208 0.0851512 0.910292 0.00264191 0.00115843 0.000250403 0.000178171 0.000118592 7.12092e-05 5.01778e-05 8.79099e-05 
209 0.522515 0.476051 0.000450691 0.000981864 5.88164e-07 2.17275e-07 1.72938e-07 0 0 0 
210 0.0880987 0.894531 0.0095152 0.00379158 0.00191232 0.000697912 0.000537904 0.00026503 0.000202473 0.000447742 
211 0.137424 0.849699 0.0113598 0.00103576 0.000184327 0.000105821 6.5532e-05 4.60237e-05 3.11981e-05 4.84598e-05 
212 0.135828 0.843282 0.0172654 0.00296824 0.000236068 0.000154663 8.77612e-05 5.81424e-05 4.97629e-05 7.07063e-05 
213 0.054044 0.921371 0.0171694 0.00349953 0.00158619 0.000864298 0.000478105 0.0003168 0.000251774 0.000418665 
214 0.107614 0.88125 0.00988222 0.000947524 0.000110179 7.21889e-05 4.09625e-05 2.71379e-05 2.32268e-05 3.30021e-05 
215 0.148987 0.689711 0.099312 0.02254 0.00942909 0.0194886 0.00380943 0.00228733 0.00161177 0.00282378 
216 0.141203 0.706375 0.0981505 0.0128962 0.0266828 0.0064239 0.00147399 0.00536689 0.000518981 0.000909118 
217 0.0625447 0.629239 0.179622 0.031458 0.0289866 0.0335638 0.0195868 0.00546179 0.00290055 0.00663701 
218 0.187531 0.809233 0.00106982 0.00149731 6.62034e-05 0.000525615 2.47802e-05 2.36251e-05 1.25066e-05 1.55888e-05 
219 0.124116 0.872361 0.00254735 0.00072622 7.97798e-05 7.75672e-05 2.98604e-05 2.84709e-05 1.50719e-05 1.87863e-05 
220 0.222339 0.675904 0.0859084 0.0146705 0.000391333 0.000277127 0.000184457 0.000110758 7.80461e-05 0.000136735 
221 0.0827199 0.672894 0.1502 0.0510319 0.0111439 0.0234307 0.0028059 0.0018528 0.0014725 0.00244856 
222 0.44203 0.548514 0.00647094 0.00219029 0.000372046 0.000193274 7.4403e-05 7.09408e-05 3.75546e-05 4.68098e-05 
223 0.27696 0.559982 0.160637 0.000601973 0.00156931 0.000218936 9.96831e-06 9.50441e-06 5.03144e-06 6.27142e-06 
224 0.222351 0.663254 0.0909967 0.0105001 0.00722826 0.00100184 0.00361431 0.000343177 0.000293665 0.000417258 
225 0.123479 0.874867 0.000288039 0.00135733 3.68233e-06 1.82399e-06 1.37914e-06 8.80921e-07 5.45428e-07 9.19704e-07 
226 0.0737235 0.854676 0.0557348 0.00999535 0.00187229 0.00129709 0.000999739 0.000492581 0.000376313 0.000832167 
227 0.0875633 0.710353 0.101815 0.0396347 0.0150288 0.0104118 0.0080842 0.0174082 0.00302071 0.00667983 
228 0.244911 0.712894 0.0282414 0.0069175 0.00399417 0.00113095 0.000623476 0.000413124 0.000328328 0.000545962 
229 0.328035 0.657158 0.0143085 0.000379818 3.81659e-05 3.7083e-05 1.42756e-05 1.36113e-05 7.20552e-06 8.98129e-06 
230 0.229659 0.764647 0.00453818 0.00101574 4.47444e-05 4.34715e-05 1.67349e-05 1.59561e-05 8.44685e-06 1.05285e-05 
231 0.368202 0.6067 0.0241004 0.000440151 3.07135e-05 1.57762e-05 1.19285e-05 7.61934e-06 4.73606e-06 0.000486624 
232 0.302414 0.178933 0.505607 0.000730751 0.0116246 0.000315831 0.000121536 0.000115881 6.13448e-05 7.6463e-05 
233 0.22644 0.665952 0.082326 0.00939751 0.00168294 0.0124578 0.000598083 0.000419768 0.000284548 0.000441988 
234 0.298717 0.646663 0.0460008 0.0075252 0.000419086 0.000240598 0.000148996 0.000104641 7.09333e-05 0.00011018 
235 0.0814787 0.767653 0.0880066 0.0307178 0.00857708 0.00572559 0.0100152 0.00284957 0.00151333 0.00346279 
236 0.0894779 0.757595 0.0674465 0.0347966 0.0273204 0.00730479 0.00550029 0.00356555 0.00253897 0.00445409 
237 0.459854 0.538543 0.000474132 0.00103887 9.14254e-06 7.04619e-05 3.37753e-06 3.17895e-06 1.68287e-06 2.09761e-06 
238 0.129133 0.685275 0.183055 0.00189355 0.000106835 6.12687e-05 4.47306e-05 0.000384619 1.81328e-05 2.80576e-05 
239 0.30389 0.394096 0.271573 0.0262894 0.000411296 0.000399838 0.000160807 0.0030052 7.76948e-05 9.68385e-05 
240 0.4952 0.49956 0.00369604 0.00141784 4.93622e-05 2.53511e-05 1.91683e-05 1.22437e-05 7.58076e-06 1.27827e-05 
241 0.0525399 0.903329 0.0252821 0.0101242 0.00266979 0.00189045 0.00124971 0.00105543 0.000666369 0.00119311 
242 0.250732 0.634581 0.0791196 0.0243334 0.0043017 0.00246967 0.0015294 0.00107411 0.000728109 0.00113097 
243 0.154684 0.790021 0.041283 0.00510728 0.00523 0.00129358 0.00086101 0.000516999 0.000364305 0.000638251 
244 0.115326 0.721648 0.106908 0.012129 0.0300842 0.00515907 0.00285385 0.001891 0.00150286 0.00249904 
245 0.0978942 0.570195 0.325012 0.00130768 0.00488942 0.000251085 0.000154531 0.000108528 7.35682e-05 0.000114273 
246 0.310783 0.666251 0.011525 0.00162412 0.000225914 0.000107716 0.00939893 2.93028e-05 2.69873e-05 2.81767e-05 
247 0.129505 0.698014 0.0743815 0.0249043 0.0105219 0.0496838 0.00423026 0.0033418 0.00207756 0.00333946 
248 0.313888 0.572883 0.0732026 0.0277794 0.00706256 0.00486652 0.000117544 7.50792e-05 4.64858e-05 7.83847e-05 
249 0.110686 0.732228 0.122957 0.0116826 0.00909082 0.00495474 0.00274082 0.00181611 0.00144334 0.00240007 
250 0.189867 0.770149 0.0357459 0.00193765 0.000881041 0.000505836 0.000313251 0.000219999 0.000149131 0.000231644 
251 0.757993 0.232975 0.00745274 0.000745726 0.000832298 3.35728e-07 2.47357e-07 1.01678e-07 0 0 
252 0.33707 0.602699 0.0192619 0.0402238 0.000339407 0.000185565 7.14348e-05 6.81107e-05 3.60564e-05 4.49424e-05 
253 0.556571 0.400987 0.039762 0.0023505 0.000128578 6.6045e-05 4.99373e-05 3.18974e-05 1.97495e-05 3.33017e-05 
254 0.262304 0.648478 0.0521862 0.00989495 0.00450681 0.0179615 0.00159999 0.00112369 0.000761714 0.00118317 
255 0.151662 0.814274 0.0270013 0.00440314 0.000880352 0.000626408 0.00041694 0.000250354 0.000176413 0.00030907 
256 0.0861653 0.900983 0.00855355 0.0026305 0.000609428 0.000388861 0.000220654 0.000146184 0.000125116 0.000177773 
257 0.106041 0.891174 0.00181286 0.000734322 9.01141e-05 5.41956e-05 3.07525e-05 2.03737e-05 1.74375e-05 2.47762e-05 
258 0.142509 0.703056 0.094602 0.0220986 0.0221862 0.00547426 0.0036437 0.00218788 0.0015417 0.002701 
259 0.145402 0.682984 0.099531 0.0339898 0.00863751 0.00617249 0.00361096 0.0150479 0.00177353 0.00285076 
260 0.223414 0.768417 0.0062673 0.00111481 0.000260477 0.00018525 0.000123303 7.40381e-05 5.21712e-05 9.14023e-05 
261 0.208908 0.721888 0.0464788 0.0164966 0.00175465 0.00285785 0.000527283 0.000349385 0.000277671 0.000461728 
262 0.172306 0.819805 0.00718605 0.000523625 5.73104e-05 5.56837e-05 2.14361e-05 2.04386e-05 1.08198e-05 1.34863e-05 
263 0.134301 0.792069 0.051441 0.011004 0.00461438 0.00466874 0.0007198 0.000384778 0.000329324 0.000467925 
264 0.182271 0.7265 0.0810274 0.006335 0.00108945 0.00177296 0.000327603 0.000217074 0.000172518 0.000286872 
265 0.370269 0.361011 0.252859 0.00758649 0.00525502 0.00169251 0.000437156 0.000289618 0.000247879 0.000352202 
266 0.144787 0.26251 0.587535 0.00234303 0.00210192 0.000486551 8.61945e-05 5.09841e-05 3.5926e-05 6.29414e-05 
267 0.119935 0.856069 0.0218394 0.00202243 5.2618e-05 2.67939e-05 2.02591e-05 1.29405e-05 8.01218e-06 1.35102e-05 
268 0.155999 0.801212 0.0330269 0.00350081 0.00219814 0.0012704 0.000956572 0.000620096 0.00044156 0.000774624 
269 0.394484 0.586064 0.0181647 0.000522534 0.000244499 0.000237723 9.15145e-05 8.7256e-05 4.61915e-05 5.75752e-05 
270 0.387201 0.594045 0.016513 0.00190831 1.84072e-05 0.000295039 7.12268e-06 4.54636e-06 2.81491e-06 4.74651e-06 
271 0.232922 0.596697 0.129691 0.0121996 0.0150656 0.00770886 0.00199615 0.00125626 0.000894559 0.00156932 
272 0.211943 0.659829 0.0691736 0.0443184 0.0033961 0.00237987 0.00608136 0.00109824 0.000682767 0.00109747 
273 0.554082 0.43371 0.00696678 0.00502319 7.17153e-05 0.000145251 5.62071e-07 2.30595e-07 2.12373e-07 2.21733e-07 
274 0.278635 0.678957 0.041212 0.000553131 0.000245803 0.000141124 8.73944e-05 6.13778e-05 4.16062e-05 6.46268e-05 
275 0.0727981 0.921835 0.00364599 0.000844274 0.000355327 0.000193589 0.000107088 7.09581e-05 5.63935e-05 9.37743e-05 
276 0.613729 0.38124 0.00419885 0.000394303 0.000345283 4.21332e-05 1.62195e-05 1.54647e-05 8.18672e-06 1.02043e-05 
277 0.0687052 0.54819 0.180308 0.0802137 0.0252135 0.0371673 0.0194175 0.0134752 0.00764219 0.0196671 
278 0.350835 0.630198 0.01571 0.00148912 0.000677096 0.000388744 0.000240739 0.000169073 0.00011461 0.000178023 
279 0.176924 0.736705 0.0428565 0.0278983 0.00560712 0.00653207 0.00114591 0.000758718 0.000649372 0.000922669 
280 0.0939463 0.6748 0.123452 0.0284414 0.0449431 0.0111665 0.00860645 0.00424048 0.00323956 0.00716387 
281 0.364846 0.601849 0.0212159 0.00921559 0.00107605 0.000660348 0.000374705 0.000248244 0.000212467 0.000301887 
282 0.103065 0.822256 0.0522427 0.0102438 0.00388862 0.00269396 0.00207638 0.00102305 0.000781573 0.00172835 
283 0.185604 0.770391 0.0307923 0.00646597 0.00273267 0.00148937 0.000823878 0.000545914 0.000433861 0.000721449 
284 0.129321 0.674966 0.132506 0.0226433 0.0221825 0.00657332 0.00384542 0.003038 0.00188869 0.00303587 
285 0.28554 0.673078 0.0321704 0.00373795 0.00175026 0.00170175 0.000655109 0.000624625 0.000330664 0.000412154 
286 0.284349 0.701165 0.0121874 0.00105094 0.00047795 0.000274408 0.000169934 0.000119346 8.0901e-05 0.000125663 
287 0.310631 0.5959 0.0657732 0.0104508 0.00805353 0.00802339 0.000378305 0.000360699 0.000190947 0.000238005 
288 0.137811 0.707224 0.080089 0.02682 0.0108965 0.00778684 0.00455534 0.00362022 0.0176006 0.00359634 
289 0.191224 0.706601 0.0710325 0.0173967 0.00557129 0.0030329 0.00167772 0.00111168 0.0008835 0.00146913 
290 0.393432 0.549822 0.0350126 0.0138977 0.00154514 0.00101269 0.000574636 0.0003807 0.000601699 0.00372067 
291 0.0462968 0.914596 0.0330369 0.0021782 0.00136641 0.000789707 0.000594626 0.000385465 0.000274483 0.000481523 
292 0.178595 0.789714 0.0279793 0.00230145 0.000514366 0.000329037 0.000186707 0.000123695 0.000105868 0.000150424 
293 0.233149 0.600965 0.125598 0.00934976 0.00449773 0.0216931 0.00156386 0.00103594 0.000886643 0.0012598 
294 0.0363193 0.406247 0.509777 0.0452299 0.0015191 0.000657717 0.000126719 4.51419e-05 3.06004e-05 4.75315e-05 
295 0.25833 0.653804 0.0513955 0.00974503 0.00465889 0.0174642 0.00158058 0.00110666 0.000750173 0.00116524 
296 0.45181 0.465589 0.0815244 8.68933e-05 0.000781487 2.0919e-06 1.56709e-06 0.000203676 6.57466e-07 6.12413e-07 
297 0.172195 0.626867 0.074924 0.0627932 0.00873164 0.0155743 0.0234291 0.00126258 0.00120884 0.0130148 
298 0.366236 0.572344 0.0569761 0.0019879 0.00159143 0.000317782 0.00018029 0.000119444 0.000102229 0.000145254 
299 0.520293 0.468393 0.00908195 0.000725711 0.00110375 0.000143414 8.88125e-05 6.23737e-05 4.22813e-05 6.56754e-05 
300 0.286764 0.574035 0.0716032 0.0514646 0.00944564 0.00242316 0.00154242 0.000926158 0.000652619 0.00114337 
301 0.14905 0.756519 0.0792553 0.00733136 0.00317707 0.00173159 0.000957866 0.000634696 0.00050442 0.000838779 
302 0.229843 0.753901 0.0116457 0.00326996 0.000443989 0.000315559 0.000210038 0.000126118 8.88696e-05 0.000155697 
303 0.261045 0.690785 0.0443902 0.00279541 0.000314802 0.000306017 0.000117805 0.000112323 5.94614e-05 7.41155e-05 
304 0.257181 0.53235 0.1938 0.0114579 0.00118218 0.00299457 0.000337603 0.000223692 0.000177777 0.000295618 
305 0.337892 0.652611 0.00131585 0.0067693 0.000663541 8.00876e-05 0.000603729 2.93545e-05 1.55384e-05 1.93677e-05 
306 0.102889 0.611643 0.156936 0.0569783 0.0226382 0.013199 0.0158101 0.0128162 0.00215623 0.0049337 
307 0.29137 0.62688 0.0724423 0.00425348 0.000838144 0.000586007 0.00304835 0.000219439 0.000141867 0.000220361 
308 0.143097 0.821799 0.0294907 0.0025524 0.00102057 0.000729314 0.000426653 0.000337069 0.000209552 0.000336833 
309 0.122209 0.70078 0.0957645 0.0175921 0.043215 0.0077766 0.00413169 0.00273772 0.00217578 0.00361802 
310 0.142509 0.717615 0.0805815 0.02156 0.00769351 0.00547426 0.00375621 0.016568 0.00154181 0.002701 
311 0.576289 0.406429 0.0159925 0.00127596 6.31118e-06 2.50146e-06 1.99102e-06 8.18428e-07 7.53755e-07 7.86976e-07 
312 0.399581 0.520192 0.079862 0.000167153 6.33088e-05 6.15543e-05 2.36961e-05 2.25934e-05 1.19605e-05 1.49081e-05 
313 0.613556 0.385671 0.000246351 0.000468035 3.21833e-06 1.6479e-06 1.246e-06 7.95878e-07 1.2327e-06 5.00932e-05 
314 0.110962 0.739064 0.131851 0.0139492 0.00173544 0.000858463 0.000571398 0.000343099 0.000241766 0.000423567 
315 0.103465 0.775482 0.0952619 0.0196293 0.00224132 0.00144016 0.000817195 0.000541397 0.000463371 0.000658387 
316 0.124066 0.711392 0.0972154 0.0178259 0.0139117 0.00758226 0.00419429 0.00455994 0.0155793 0.00367303 
317 0.637775 0.304583 0.056661 0.000262441 0.000596659 6.3118e-05 1.89351e-05 1.8054e-05 9.55742e-06 1.19128e-05 
318 0.200179 0.749252 0.0490049 0.00115747 0.000155837 8.94712e-05 5.54072e-05 3.89129e-05 2.63779e-05 4.09727e-05 
319 0.0647586 0.904179 0.0228308 0.00365528 0.00164387 0.00107741 0.000611361 0.00040503 0.000346657 0.000492553 
320 0.383242 0.614344 0.00166343 0.000146635 0.000552318 1.71119e-05 1.29381e-05 8.26417e-06 5.11681e-06 8.62801e-06 
321 0.12334 0.831189 0.0349423 0.00874346 0.000641438 0.000420221 0.000238448 0.000157974 0.000135206 0.00019211 
322 0.0537408 0.670904 0.240074 0.0294327 0.00239544 0.00143994 0.000604341 0.000510379 0.000322238 0.000576954 
323 0.109289 0.875927 0.0103649 0.00183402 0.00119082 0.000452163 0.0003485 0.000171709 0.000131179 0.000290086 
324 0.0512177 0.836925 0.0676974 0.0103281 0.0108197 0.00690631 0.00680883 0.00323731 0.00180673 0.00425291 
325 0.309716 0.681513 0.00767129 0.000354517 0.000530069 7.6684e-05 4.74883e-05 3.33514e-05 2.2608e-05 3.51168e-05 
326 0.693508 0.290083 0.0140553 0.00112208 0.00121326 8.83139e-06 4.30209e-06 1.76841e-06 1.62867e-06 1.70045e-06 
327 0.537819 0.442786 0.0181423 0.000221036 0.00100575 1.00437e-05 7.5001e-06 3.08299e-06 2.83937e-06 2.96451e-06 
328 0.256148 0.72113 0.0201206 0.00199463 0.000215292 0.00036294 9.25961e-06 8.82634e-06 4.67248e-06 5.824e-06 
329 0.107195 0.88658 0.00471258 0.000865414 0.000380314 9.39859e-05 6.25564e-05 3.75624e-05 2.64684e-05 4.63719e-05 
330 0.210805 0.720942 0.0657108 0.00195349 0.00021145 0.000138584 7.86373e-05 5.20977e-05 4.45894e-05 6.33554e-05 
331 0.0508993 0.65969 0.249527 0.0120825 0.017822 0.00315319 0.00233762 0.00151536 0.00107906 0.00189299 
332 0.158076 0.5977 0.122691 0.0271621 0.0507695 0.0066081 0.00368304 0.028267 0.00189446 0.00314814 
333 0.238598 0.584542 0.164253 0.0092148 0.00121834 0.000798304 0.000452986 0.000300106 0.000256855 0.000364956 
334 0.556183 0.424942 0.0173439 0.000250712 0.00112023 7.31365e-05 2.81546e-05 2.68445e-05 1.42109e-05 1.77131e-05 
335 0.03719 0.917656 0.0302483 0.00532592 0.00305531 0.00211668 0.00163144 0.000803828 0.000614093 0.00135799 
336 0.135024 0.782169 0.064162 0.00971856 0.00293033 0.00184031 0.00145212 0.000984498 0.000522847 0.00119637 
337 0.199231 0.793361 0.00681031 0.00034033 8.23413e-05 8.00593e-05 3.08198e-05 2.93856e-05 1.55562e-05 1.93899e-05 
338 0.0577796 0.794647 0.129597 0.0120799 0.00195166 0.00138869 0.00092432 0.000555014 0.000391092 0.000685181 
339 0.151405 0.712705 0.116944 0.0115675 0.00265014 0.00173692 0.000985587 0.000652958 0.000558854 0.000794055 
340 0.237127 0.714063 0.026077 0.0132781 0.00774622 0.000608849 0.000376809 0.000264636 0.000179389 0.000278644 
341 0.19587 0.668253 0.0945369 0.0201759 0.0124421 0.00307093 0.00204402 0.00122735 0.000864853 0.0015152 
342 0.196337 0.760033 0.0320402 0.00539521 0.00331407 0.00107982 0.000586331 0.000463219 0.000287979 0.000462895 
343 0.181841 0.757596 0.0418615 0.0119377 0.00225567 0.00161192 0.000942985 0.000744987 0.000463151 0.000744465 
344 0.148987 0.689628 0.084251 0.0376849 0.0231946 0.00572309 0.00380932 0.00228733 0.00161177 0.00282378 
345 0.228592 0.768973 0.00181417 0.000599347 8.41881e-06 4.2706e-06 3.22905e-06 2.06255e-06 1.27704e-06 2.15336e-06 
346 0.155288 0.736592 0.0799097 0.0128496 0.00489927 0.00339415 0.00261606 0.00128896 0.000984713 0.00217756 
347 0.054274 0.783219 0.0717051 0.0483505 0.0129969 0.00919594 0.00607911 0.00513406 0.00324149 0.00580376 
348 0.118882 0.706031 0.0846364 0.0501354 0.00898141 0.00472945 0.0209792 0.00214613 0.00133421 0.00214461 
349 0.253811 0.742872 0.00293221 0.000262141 4.71047e-05 2.70431e-05 1.67471e-05 1.17616e-05 7.97285e-06 1.23842e-05 
350 0.37621 0.60846 0.0133039 0.000551169 0.0010784 0.000141362 8.75416e-05 6.14812e-05 4.16763e-05 6.47356e-05 
351 0.0965604 0.874789 0.0216407 0.0033734 0.00120375 0.000856517 0.000570102 0.000342321 0.000241218 0.000422606 
352 0.146763 0.679335 0.0845633 0.050478 0.00792318 0.00563767 0.00375246 0.00225319 0.00285041 0.0164443 
353 0.192097 0.789295 0.0173084 0.000951178 0.000135933 6.9823e-05 5.27939e-05 3.3722e-05 2.08792e-05 3.52066e-05 
354 0.134698 0.18344 0.51071 0.168226 0.000247326 0.00264286 1.37758e-05 8.3861e-06 5.1923e-06 8.7553e-06 
355 0.182089 0.734686 0.0534266 0.018719 0.00225896 0.00160749 0.00532497 0.000642438 0.000452668 0.000793061 
356 0.181633 0.806623 0.00939934 0.00107206 0.000487509 0.000279896 0.000173332 0.000121733 8.25191e-05 0.000128176 
357 0.355582 0.60304 0.0271926 0.0070117 0.00418396 0.00105372 0.00070032 0.000420512 0.000296315 0.000519134 
358 0.911338 0.0867185 0.00121892 0.000675246 1.92437e-05 9.88197e-06 7.47187e-06 4.77264e-06 2.95501e-06 4.98276e-06 
